1.894645
1.914394
1.938138
1.952594
1.959490
1.877669
1.855204
1.856265
1.808896
1.861551
1.860433
1.867802
2.000000
1.981258
1.981258
1.922731
1.895853
1.922393
1.862381
1.939431
1.898361
1.873135
1.884619
1.865193
1.861517
1.878912
1.865510
1.966990
1.960009
1.884287
1.845895
1.813437
1.812891
1.819961
1.825773
1.776803
1.783389
1.745558
1.747997
1.757830
1.739024
1.823171
1.860290
1.827322
1.830710
1.834712
1.834177
1.765803
1.808867
1.738546
1.717768
1.729327
1.729979
1.721354
1.721214
1.714593
1.707835
1.714649
1.711024
1.733281
1.733003
1.704429
1.704287
1.699867
1.713560
1.686762
1.674060
1.634744
1.653601
1.784709
1.698608
1.740121
1.727667
1.745119
1.749194
1.748614
1.824002
1.740670
1.732671
1.724212
1.790679
1.700734
1.731546
