4.807878
5.775733
4.739035
16.472456
44.747689
4.712580
4.714401
4.511589
4.579798
4.666399
4.670774
4.784239
4.784241
4.634703
4.657911
4.515969
39.773462
17.399142
7.473930
4.556362
8.663252
4.607869
29.884827
4.514849
4.656149
48.481066
7.661778
29.024013
11.276348
4.743470
4.414717
38.536559
6.947978
41.960313
4.413833
4.412596
6.854785
4.607258
4.544981
4.543043
4.542217
4.542217
4.448494
24.466405
34.063637
13.611576
8.215420
26.684267
23.733900
21.100288
4.448760
4.520851
4.480510
4.521350
4.578023
4.577676
8.178101
52.938915
4.526104
40.297575
15.279902
7.376058
4.554392
4.554391
14.040407
4.847926
15.069739
4.479919
4.478920
4.591581
4.578033
4.578033
4.663203
5.323184
4.763115
4.835147
4.763115
4.763115
5.504857
4.747963
4.747963
34.648788
45.607465
29.115330
12.802747
4.752975
4.803547
15.074679
4.803547
4.881475
4.656587
9.498147
28.789586
14.127523
57.967234
24.887095
13.089695
13.013782
15.611647
4.723443
38.105422
4.655888
4.534870
4.537046
26.663819
32.792969
4.515006
4.509888
4.514442
9.753110
4.695132
4.196830
4.289641
4.289913
4.288832
37.488170
4.383201
7.032100
4.290032
4.340595
4.338579
4.331269
4.331379
4.360762
18.747745
36.274742
4.285894
14.254345
4.410183
4.279203
18.916210
30.081872
4.172443
61.092816
4.783142
4.258515
4.599128
4.606571
4.261342
4.261100
72.195231
4.264189
37.745183
10.217290
51.327440
4.630452
4.371990
4.259221
81.239700
35.302318
4.364047
10.903875
67.887068
9.440480
4.385476
4.949144
13.989650
4.411748
27.751227
16.863537
24.155411
4.499909
5.187087
9.918405
5.174511
