97944.891589
100982.827798
100766.925645
100766.925645
100766.925645
97980.402005
90494.198777
108516.350977
108516.350977
108516.350977
113217.593260
113217.593260
113217.593260
113217.593260
113217.593260
125870.508502
125870.508502
125870.508502
125870.508502
125870.508502
125924.175500
125924.175500
125924.175500
123003.527929
118010.212471
118010.212471
131640.538581
131640.538581
131640.538581
131640.538581
130138.754522
130138.754522
132199.991237
133713.374717
134296.328280
134296.328280
134296.328280
130114.464520
130114.464520
130114.464520
130114.464520
130114.464520
130114.464520
130114.464520
130114.464520
130520.875532
130520.875532
136273.684204
136273.684204
123786.706523
123786.706523
123786.706523
123786.706523
