-14.051037 -20.158423 81.150040
-14.051037 -19.458423 83.013843
-14.051037 -18.758423 84.919636
-14.051037 -18.058423 86.850568
-14.051037 -17.358423 88.721348
-14.051037 -17.040358 89.465058
-14.051037 -16.524968 90.469854
-14.051037 -16.009579 91.135281
-14.051037 -15.415183 91.456428
-14.051037 -14.820786 91.350737
-14.051037 -14.663406 91.270365
-14.051037 -13.997473 90.711422
-14.051037 -13.684943 90.378620
-14.051037 -13.521742 90.191248
-14.051037 -13.015706 89.558472
-14.051037 -12.509670 88.866273
-14.051037 -12.003635 88.118350
-14.051037 -11.497599 87.312237
-14.051037 -10.549079 85.642998
-14.051037 -10.077820 84.773883
-14.051037 -9.437155 83.567881
-14.051037 -8.796489 82.332647
-14.051037 -8.155824 81.056935
-14.051037 -7.515158 79.731586
-14.051037 -6.577658 77.693294
-14.051037 -5.640158 75.532581
-13.488537 -20.158423 82.616753
-13.488537 -19.458423 84.529948
-13.488537 -18.758423 86.491432
-13.488537 -18.058423 88.500814
-13.488537 -17.358423 90.505402
-13.488537 -17.040358 91.312362
-13.488537 -16.524968 92.398234
-13.488537 -16.009579 93.093147
-13.488537 -15.415183 93.399826
-13.488537 -14.820786 93.240319
-13.488537 -14.663406 93.144030
-13.488537 -13.997473 92.516975
-13.488537 -13.684943 92.157832
-13.488537 -13.521742 91.958549
-13.488537 -13.015706 91.297409
-13.488537 -12.509670 90.584674
-13.488537 -12.003635 89.818554
-13.488537 -11.497599 88.991528
-13.488537 -10.549079 87.260793
-13.488537 -10.077820 86.360816
-13.488537 -9.437155 85.123419
-13.488537 -8.796489 83.859949
-13.488537 -8.155824 82.554131
-13.488537 -7.515158 81.195849
-13.488537 -6.577658 79.104704
-13.488537 -5.640158 76.886567
-12.926037 -20.158423 84.054220
-12.926037 -19.458423 86.014871
-12.926037 -18.758423 88.032300
-12.926037 -18.058423 90.154156
-12.926037 -17.358423 92.492470
-12.926037 -17.040358 93.486298
-12.926037 -16.524968 94.792311
-12.926037 -16.009579 95.525643
-12.926037 -15.415183 95.760718
-12.926037 -14.820786 95.419024
-12.926037 -14.663406 95.271182
-12.926037 -13.997473 94.456749
-12.926037 -13.684943 94.032730
-12.926037 -13.521742 93.806625
-12.926037 -13.015706 93.100099
-12.926037 -12.509670 92.369036
-12.926037 -12.003635 91.594015
-12.926037 -11.497599 90.753629
-12.926037 -10.549079 88.916501
-12.926037 -10.077820 87.960097
-12.926037 -9.437155 86.699057
-12.926037 -8.796489 85.419895
-12.926037 -8.155824 84.091770
-12.926037 -7.515158 82.704399
-12.926037 -6.577658 80.561831
-12.926037 -5.640158 78.285218
-12.363537 -20.158423 85.462070
-12.363537 -19.458423 87.463130
-12.363537 -18.758423 89.505735
-12.363537 -18.058423 91.667725
-12.363537 -17.358423 94.613703
-12.363537 -17.040358 96.108635
-12.363537 -16.524968 97.868550
-12.363537 -16.009579 98.543964
-12.363537 -15.415183 98.638140
-12.363537 -14.820786 97.904581
-12.363537 -14.663406 97.616312
-12.363537 -13.997473 96.483012
-12.363537 -13.684943 95.945826
-12.363537 -13.521742 95.664867
-12.363537 -13.015706 94.933109
-12.363537 -12.509670 94.207713
-12.363537 -12.003635 93.450243
-12.363537 -11.497599 92.635854
-12.363537 -10.549079 90.613494
-12.363537 -10.077820 89.524584
-12.363537 -9.437155 88.288663
-12.363537 -8.796489 87.017587
-12.363537 -8.155824 85.675079
-12.363537 -7.515158 84.261023
-12.363537 -6.577658 82.067213
-12.363537 -5.640158 79.730686
-11.801037 -20.158423 86.847772
-11.801037 -19.458423 88.884563
-11.801037 -18.758423 90.902081
-11.801037 -18.058423 92.675052
-11.801037 -17.358423 96.429403
-11.801037 -17.040358 99.706894
-11.801037 -16.524968 102.236616
-11.801037 -16.009579 176.948949
-11.801037 -15.415183 102.256846
-11.801037 -14.820786 100.893126
-11.801037 -14.663406 99.861638
-11.801037 -13.997473 98.520273
-11.801037 -13.684943 97.862550
-11.801037 -13.521742 97.262606
-11.801037 -13.015706 96.758260
-11.801037 -12.509670 96.086019
-11.801037 -12.003635 95.376804
-11.801037 -11.497599 94.745512
-11.801037 -10.549079 92.390056
-11.801037 -10.077820 90.871942
-11.801037 -9.437155 89.905368
-11.801037 -8.796489 88.670345
-11.801037 -8.155824 87.313542
-11.801037 -7.515158 85.870936
-11.801037 -6.577658 83.623974
-11.801037 -5.640158 81.225568
-11.121619 -20.158423 88.508737
-11.121619 -19.458423 90.618041
-11.121619 -18.758423 92.799218
-11.121619 -18.058423 95.165748
-11.121619 -17.358423 98.302562
-11.121619 -17.040358 99.898894
-11.121619 -16.524968 102.101155
-11.121619 -16.009579 103.877226
-11.121619 -15.415183 103.329603
-11.121619 -14.820786 102.502483
-11.121619 -14.663406 102.210171
-11.121619 -13.997473 100.987068
-11.121619 -13.684943 100.395443
-11.121619 -13.521742 100.086946
-11.121619 -13.015706 99.239390
-11.121619 -12.509670 98.415654
-11.121619 -12.003635 97.575425
-11.121619 -11.497599 96.682530
-11.121619 -10.549079 94.570154
-11.121619 -10.077820 93.453249
-11.121619 -9.437155 92.134042
-11.121619 -8.796489 90.791810
-11.121619 -8.155824 89.380760
-11.121619 -7.515158 87.893018
-11.121619 -6.577658 85.577010
-11.121619 -5.640158 83.100715
-10.442201 -20.158423 90.121803
-10.442201 -19.458423 92.283808
-10.442201 -18.758423 94.521743
-10.442201 -18.058423 96.930791
-10.442201 -17.358423 99.688096
-10.442201 -17.040358 100.917108
-10.442201 -16.524968 102.706331
-10.442201 -16.009579 104.085164
-10.442201 -15.415183 104.767535
-10.442201 -14.820786 104.683905
-10.442201 -14.663406 104.535509
-10.442201 -13.997473 103.507022
-10.442201 -13.684943 102.923039
-10.442201 -13.521742 102.614145
-10.442201 -13.015706 101.677582
-10.442201 -12.509670 100.775022
-10.442201 -12.003635 99.868985
-10.442201 -11.497599 98.913123
-10.442201 -10.549079 96.843252
-10.442201 -10.077820 95.776399
-10.442201 -9.437155 94.388612
-10.442201 -8.796489 92.990668
-10.442201 -8.155824 91.534231
-10.442201 -7.515158 90.001810
-10.442201 -6.577658 87.614229
-10.442201 -5.640158 85.056703
-9.762783 -20.158423 91.687398
-9.762783 -19.458423 93.878045
-9.762783 -18.758423 96.083069
-9.762783 -18.058423 98.367754
-9.762783 -17.358423 101.141626
-9.762783 -17.040358 102.370021
-9.762783 -16.524968 104.024687
-9.762783 -16.009579 105.563658
-9.762783 -15.415183 107.206275
-9.762783 -14.820786 107.850491
-9.762783 -14.663406 107.535351
-9.762783 -13.997473 106.332811
-9.762783 -13.684943 105.497517
-9.762783 -13.521742 105.083490
-9.762783 -13.015706 104.054477
-9.762783 -12.509670 103.140655
-9.762783 -12.003635 102.252365
-9.762783 -11.497599 101.329868
-9.762783 -10.549079 99.169428
-9.762783 -10.077820 98.018451
-9.762783 -9.437155 96.654606
-9.762783 -8.796489 95.255309
-9.762783 -8.155824 93.773155
-9.762783 -7.515158 92.201180
-9.762783 -6.577658 89.740704
-9.762783 -5.640158 87.098495
-9.083365 -20.158423 93.248345
-9.083365 -19.458423 95.458737
-9.083365 -18.758423 97.569352
-9.083365 -18.058423 99.343872
-9.083365 -17.358423 102.686371
-9.083365 -17.040358 104.544683
-9.083365 -16.524968 105.544098
-9.083365 -16.009579 107.227274
-9.083365 -15.415183 110.949462
-9.083365 -14.820786 114.807113
-9.083365 -14.663406 166.828541
-9.083365 -13.997473 109.976541
-9.083365 -13.684943 107.808512
-9.083365 -13.521742 106.858345
-9.083365 -13.015706 106.223721
-9.083365 -12.509670 105.460263
-9.083365 -12.003635 104.697407
-9.083365 -11.497599 104.035220
-9.083365 -10.549079 101.602668
-9.083365 -10.077820 100.000167
-9.083365 -9.437155 98.960470
-9.083365 -8.796489 97.613134
-9.083365 -8.155824 96.113093
-9.083365 -7.515158 94.500496
-9.083365 -6.577658 91.962626
-9.083365 -5.640158 89.231387
-8.526509 -20.158423 94.568461
-8.526509 -19.458423 96.824377
-8.526509 -18.758423 99.023618
-8.526509 -18.058423 101.207026
-8.526509 -17.358423 103.896058
-8.526509 -17.040358 105.102357
-8.526509 -16.524968 106.698076
-8.526509 -16.009579 108.379445
-8.526509 -15.415183 110.623275
-8.526509 -14.820786 112.263235
-8.526509 -14.663406 112.296130
-8.526509 -13.997473 110.528685
-8.526509 -13.684943 109.576569
-8.526509 -13.521742 109.135209
-8.526509 -13.015706 108.174830
-8.526509 -12.509670 107.360624
-8.526509 -12.003635 106.566060
-8.526509 -11.497599 105.728038
-8.526509 -10.549079 103.628635
-8.526509 -10.077820 102.464666
-8.526509 -9.437155 101.108368
-8.526509 -8.796489 99.673685
-8.526509 -8.155824 98.125318
-8.526509 -7.515158 96.467913
-8.526509 -6.577658 93.859462
-8.526509 -5.640158 91.051136
-7.969653 -20.158423 95.922497
-7.969653 -19.458423 98.225881
-7.969653 -18.758423 100.487904
-7.969653 -18.058423 102.750205
-7.969653 -17.358423 105.135505
-7.969653 -17.040358 106.178283
-7.969653 -16.524968 107.752068
-7.969653 -16.009579 109.245138
-7.969653 -15.415183 110.827089
-7.969653 -14.820786 111.822991
-7.969653 -14.663406 111.896615
-7.969653 -13.997473 111.329540
-7.969653 -13.684943 110.898669
-7.969653 -13.521742 110.664655
-7.969653 -13.015706 109.948932
-7.969653 -12.509670 109.237201
-7.969653 -12.003635 108.487336
-7.969653 -11.497599 107.658470
-7.969653 -10.549079 105.766674
-7.969653 -10.077820 104.732333
-7.969653 -9.437155 103.315485
-7.969653 -8.796489 101.820122
-7.969653 -8.155824 100.219918
-7.969653 -7.515158 98.512094
-7.969653 -6.577658 95.826816
-7.969653 -5.640158 92.937434
-7.412796 -20.158423 97.306605
-7.412796 -19.458423 99.653562
-7.412796 -18.758423 101.952013
-7.412796 -18.058423 104.215544
-7.412796 -17.358423 106.453578
-7.412796 -17.040358 107.421575
-7.412796 -16.524968 108.900285
-7.412796 -16.009579 110.242452
-7.412796 -15.415183 111.545264
-7.412796 -14.820786 112.379016
-7.412796 -14.663406 112.490939
-7.412796 -13.997473 112.464487
-7.412796 -13.684943 112.292794
-7.412796 -13.521742 112.175999
-7.412796 -13.015706 111.718200
-7.412796 -12.509670 111.159958
-7.412796 -12.003635 110.504276
-7.412796 -11.497599 109.740908
-7.412796 -10.549079 107.992239
-7.412796 -10.077820 107.009305
-7.412796 -9.437155 105.581918
-7.412796 -8.796489 104.045765
-7.412796 -8.155824 102.395822
-7.412796 -7.515158 100.634319
-7.412796 -6.577658 97.866180
-7.412796 -5.640158 94.891578
-6.855940 -20.158423 98.723118
-6.855940 -19.458423 101.111939
-6.855940 -18.758423 103.438220
-6.855940 -18.058423 105.697020
-6.855940 -17.358423 107.865337
-6.855940 -17.040358 108.794553
-6.855940 -16.524968 110.207901
-6.855940 -16.009579 111.470200
-6.855940 -15.415183 112.675123
-6.855940 -14.820786 113.505510
-6.855940 -14.663406 113.650883
-6.855940 -13.997473 113.922461
-6.855940 -13.684943 113.903696
-6.855940 -13.521742 113.862515
-6.855940 -13.015706 113.609097
-6.855940 -12.509670 113.200707
-6.855940 -12.003635 112.651619
-6.855940 -11.497599 111.966200
-6.855940 -10.549079 110.323595
-6.855940 -10.077820 109.365595
-6.855940 -9.437155 107.930522
-6.855940 -8.796489 106.357373
-6.855940 -8.155824 104.656007
-6.855940 -7.515158 102.836393
-6.855940 -6.577658 99.978386
-6.855940 -5.640158 96.914029
-6.299084 -20.158423 100.177880
-6.299084 -19.458423 102.609892
-6.299084 -18.758423 104.967131
-6.299084 -18.058423 107.235757
-6.299084 -17.358423 109.384392
-6.299084 -17.040358 110.300854
-6.299084 -16.524968 111.691849
-6.299084 -16.009579 112.933817
-6.299084 -15.415183 114.133702
-6.299084 -14.820786 115.022467
-6.299084 -14.663406 115.199432
-6.299084 -13.997473 115.676975
-6.299084 -13.684943 115.765279
-6.299084 -13.521742 115.779273
-6.299084 -13.015706 115.687657
-6.299084 -12.509670 115.411836
-6.299084 -12.003635 114.964049
-6.299084 -11.497599 114.352349
-6.299084 -10.549079 112.786474
-6.299084 -10.077820 111.837406
-6.299084 -9.437155 110.383441
-6.299084 -8.796489 108.765847
-6.299084 -8.155824 107.005526
-6.299084 -7.515158 105.120341
-6.299084 -6.577658 102.163396
-6.299084 -5.640158 99.004170
-5.742228 -20.158423 101.676639
-5.742228 -19.458423 104.155164
-5.742228 -18.758423 106.552120
-5.742228 -18.058423 108.850429
-5.742228 -17.358423 111.018039
-5.742228 -17.040358 111.942916
-5.742228 -16.524968 113.349768
-5.742228 -16.009579 114.615994
-5.742228 -15.415183 115.865344
-5.742228 -14.820786 116.845314
-5.742228 -14.663406 117.054819
-5.742228 -13.997473 117.706923
-5.742228 -13.684943 117.883420
-5.742228 -13.521742 117.943264
-5.742228 -13.015706 117.989279
-5.742228 -12.509670 117.831205
-5.742228 -12.003635 117.474968
-5.742228 -11.497599 116.926976
-5.742228 -10.549079 115.407932
-5.742228 -10.077820 114.451758
-5.742228 -9.437155 112.959977
-5.742228 -8.796489 111.282150
-5.742228 -8.155824 109.449376
-5.742228 -7.515158 107.487416
-5.742228 -6.577658 104.419772
-5.742228 -5.640158 101.159871
-5.185372 -20.158423 103.222767
-5.185372 -19.458423 105.752057
-5.185372 -18.758423 108.199537
-5.185372 -18.058423 110.547811
-5.185372 -17.358423 112.766677
-5.185372 -17.040358 113.717527
-5.185372 -16.524968 115.171852
-5.185372 -16.009579 116.496528
-5.185372 -15.415183 117.833413
-5.185372 -14.820786 118.930062
-5.185372 -14.663406 119.175335
-5.185372 -13.997473 119.999591
-5.185372 -13.684943 120.259744
-5.185372 -13.521742 120.362797
-5.185372 -13.015706 120.538040
-5.185372 -12.509670 120.490539
-5.185372 -12.003635 120.218090
-5.185372 -11.497599 119.722709
-5.185372 -10.549079 118.216123
-5.185372 -10.077820 117.233163
-5.185372 -9.437155 115.677066
-5.185372 -8.796489 113.915512
-5.185372 -8.155824 111.990825
-5.185372 -7.515158 109.936929
-5.185372 -6.577658 106.743979
-5.185372 -5.640158 103.376938
-4.628516 -20.158423 104.816224
-4.628516 -19.458423 107.400722
-4.628516 -18.758423 109.909733
-4.628516 -18.058423 112.327089
-4.628516 -17.358423 114.625161
-4.628516 -17.040358 115.616917
-4.628516 -16.524968 117.145288
-4.628516 -16.009579 118.556498
-4.628516 -15.415183 120.012332
-4.628516 -14.820786 121.251157
-4.628516 -14.663406 121.537451
-4.628516 -13.997473 122.549173
-4.628516 -13.684943 122.898048
-4.628516 -13.521742 123.046568
-4.628516 -13.015706 123.356530
-4.628516 -12.509670 123.422273
-4.628516 -12.003635 123.231169
-4.628516 -11.497599 122.778274
-4.628516 -10.549079 121.241613
-4.628516 -10.077820 120.205907
-4.628516 -9.437155 118.549375
-4.628516 -8.796489 116.672117
-4.628516 -8.155824 114.629889
-4.628516 -7.515158 112.465009
-4.628516 -6.577658 109.129609
-4.628516 -5.640158 105.648519
-4.071659 -20.158423 106.453309
-4.071659 -19.458423 109.097159
-4.071659 -18.758423 111.677931
-4.071659 -18.058423 114.181853
-4.071659 -17.358423 116.584078
-4.071659 -17.040358 117.629873
-4.071659 -16.524968 119.255497
-4.071659 -16.009579 120.777902
-4.071659 -15.415183 122.381712
-4.071659 -14.820786 123.790906
-4.071659 -14.663406 124.125451
-4.071659 -13.997473 125.354163
-4.071659 -13.684943 125.805219
-4.071659 -13.521742 126.006048
-4.071659 -13.015706 126.470756
-4.071659 -12.509670 126.665035
-4.071659 -12.003635 126.561263
-4.071659 -11.497599 126.142990
-4.071659 -10.549079 124.519440
-4.071659 -10.077820 123.395005
-4.071659 -9.437155 121.588439
-4.071659 -8.796489 119.553355
-4.071659 -8.155824 117.361613
-4.071659 -7.515158 115.063294
-4.071659 -6.577658 111.566639
-4.071659 -5.640158 107.964580
-3.514803 -20.158423 108.126893
-3.514803 -19.458423 110.833514
-3.514803 -18.758423 113.494762
-3.514803 -18.058423 116.100975
-3.514803 -17.358423 118.630570
-3.514803 -17.040358 119.742408
-3.514803 -16.524968 121.486203
-3.514803 -16.009579 123.142184
-3.514803 -15.415183 124.921902
-3.514803 -14.820786 126.532831
-3.514803 -14.663406 126.924834
-3.514803 -13.997473 128.413862
-3.514803 -13.684943 128.989639
-3.514803 -13.521742 129.254873
-3.514803 -13.015706 129.912457
-3.514803 -12.509670 130.268717
-3.514803 -12.003635 130.272202
-3.514803 -11.497599 129.885083
-3.514803 -10.549079 128.091836
-3.514803 -10.077820 126.826055
-3.514803 -9.437155 124.800144
-3.514803 -8.796489 122.552945
-3.514803 -8.155824 120.173853
-3.514803 -7.515158 117.717528
-3.514803 -6.577658 114.040857
-3.514803 -5.640158 110.311579
-2.957947 -20.158423 109.827031
-2.957947 -19.458423 112.598582
-2.957947 -18.758423 115.346422
-2.957947 -18.058423 118.068582
-2.957947 -17.358423 120.748992
-2.957947 -17.040358 121.938417
-2.957947 -16.524968 123.819423
-2.957947 -16.009579 125.628795
-2.957947 -15.415183 127.610236
-2.957947 -14.820786 129.455740
-2.957947 -14.663406 129.916153
-2.957947 -13.997473 131.723098
-2.957947 -13.684943 132.457085
-2.957947 -13.521742 132.805540
-2.957947 -13.015706 133.719045
-2.957947 -12.509670 134.299591
-2.957947 -12.003635 134.456139
-2.957947 -11.497599 134.107085
-2.957947 -10.549079 132.011665
-2.957947 -10.077820 130.522730
-2.957947 -9.437155 128.179028
-2.957947 -8.796489 125.652178
-2.957947 -8.155824 123.044441
-2.957947 -7.515158 120.406249
-2.957947 -6.577658 116.533635
-2.957947 -5.640158 112.672525
-2.401091 -20.158423 111.542150
-2.401091 -19.458423 114.378656
-2.401091 -18.758423 117.214334
-2.401091 -18.058423 120.062609
-2.401091 -17.358423 122.921990
-2.401091 -17.040358 124.201313
-2.401091 -16.524968 126.236268
-2.401091 -16.009579 128.214406
-2.401091 -15.415183 130.417877
-2.401091 -14.820786 132.526602
-2.401091 -14.663406 133.067228
-2.401091 -13.997473 135.263600
-2.401091 -13.684943 136.202728
-2.401091 -13.521742 136.661933
-2.401091 -13.015706 137.928827
-2.401091 -12.509670 138.843901
-2.401091 -12.003635 139.252332
-2.401091 -11.497599 138.976897
-2.401091 -10.549079 136.346614
-2.401091 -10.077820 134.497582
-2.401091 -9.437155 131.696277
-2.401091 -8.796489 128.812518
-2.401091 -8.155824 125.938038
-2.401091 -7.515158 123.100038
-2.401091 -6.577658 119.022355
-2.401091 -5.640158 115.027606
-1.844235 -20.158423 113.261267
-1.844235 -19.458423 116.159252
-1.844235 -18.758423 119.074274
-1.844235 -18.058423 122.049609
-1.844235 -17.358423 125.133136
-1.844235 -17.040358 126.519140
-1.844235 -16.524968 128.719441
-1.844235 -16.009579 130.873261
-1.844235 -15.415183 133.308673
-1.844235 -14.820786 135.690286
-1.844235 -14.663406 136.321479
-1.844235 -13.997473 138.989983
-1.844235 -13.684943 140.197604
-1.844235 -13.521742 140.805762
-1.844235 -13.015706 142.564641
-1.844235 -12.509670 144.001729
-1.844235 -12.003635 144.876648
-1.844235 -11.497599 144.796974
-1.844235 -10.549079 141.184143
-1.844235 -10.077820 138.722803
-1.844235 -9.437155 135.275820
-1.844235 -8.796489 131.965848
-1.844235 -8.155824 128.804076
-1.844235 -7.515158 125.762295
-1.844235 -6.577658 121.481814
-1.844235 -5.640158 117.355549
-1.287378 -20.158423 114.977962
-1.287378 -19.458423 117.929068
-1.287378 -18.758423 120.896045
-1.287378 -18.058423 123.968141
-1.287378 -17.358423 127.373175
-1.287378 -17.040358 128.902753
-1.287378 -16.524968 131.256876
-1.287378 -16.009579 133.577788
-1.287378 -15.415183 136.246687
-1.287378 -14.820786 138.850789
-1.287378 -14.663406 139.578337
-1.287378 -13.997473 142.807101
-1.287378 -13.684943 144.371832
-1.287378 -13.521742 145.181850
-1.287378 -13.015706 147.590128
-1.287378 -12.509670 149.840310
-1.287378 -12.003635 151.656921
-1.287378 -11.497599 152.173924
-1.287378 -10.549079 146.639320
-1.287378 -10.077820 143.035822
-1.287378 -9.437155 138.751852
-1.287378 -8.796489 135.007215
-1.287378 -8.155824 131.579462
-1.287378 -7.515158 128.353030
-1.287378 -6.577658 123.886864
-1.287378 -5.640158 119.635743
-0.730522 -20.158423 116.696298
-0.730522 -19.458423 119.688839
-0.730522 -18.758423 122.651295
-0.730522 -18.058423 125.675977
-0.730522 -17.358423 129.646915
-0.730522 -17.040358 131.465961
-0.730522 -16.524968 133.833080
-0.730522 -16.009579 136.289647
-0.730522 -15.415183 139.241572
-0.730522 -14.820786 141.811826
-0.730522 -14.663406 142.665255
-0.730522 -13.997473 146.523964
-0.730522 -13.684943 148.602555
-0.730522 -13.521742 149.747184
-0.730522 -13.015706 152.807059
-0.730522 -12.509670 156.203921
-0.730522 -12.003635 160.010944
-0.730522 -11.497599 162.474343
-0.730522 -10.549079 152.885805
-0.730522 -10.077820 146.813518
-0.730522 -9.437155 141.820430
-0.730522 -8.796489 137.809183
-0.730522 -8.155824 134.202755
-0.730522 -7.515158 130.836817
-0.730522 -6.577658 126.216044
-0.730522 -5.640158 121.850790
-0.173666 -20.158423 118.435193
-0.173666 -19.458423 121.467650
-0.173666 -18.758423 124.367165
-0.173666 -18.058423 126.784991
-0.173666 -17.358423 131.892430
-0.173666 -17.040358 134.867198
-0.173666 -16.524968 136.304864
-0.173666 -16.009579 138.889838
-0.173666 -15.415183 142.571441
-0.173666 -14.820786 143.866584
-0.173666 -14.663406 145.472171
-0.173666 -13.997473 149.698009
-0.173666 -13.684943 152.360373
-0.173666 -13.521742 155.208496
-0.173666 -13.015706 157.615919
-0.173666 -12.509670 162.070848
-0.173666 -12.003635 169.992022
-0.173666 -11.497599 429.452575
-0.173666 -10.549079 160.345011
-0.173666 -10.077820 147.751341
-0.173666 -9.437155 144.147245
-0.173666 -8.796489 140.305318
-0.173666 -8.155824 136.644362
-0.173666 -7.515158 133.192890
-0.173666 -6.577658 128.455073
-0.173666 -5.640158 123.988842
0.701391 -20.158423 121.253105
0.701391 -19.458423 124.432894
0.701391 -18.758423 127.679403
0.701391 -18.058423 131.108925
0.701391 -17.358423 135.223360
0.701391 -17.040358 137.116815
0.701391 -16.524968 139.915847
0.701391 -16.009579 142.773298
0.701391 -15.415183 146.163161
0.701391 -14.820786 149.398722
0.701391 -14.663406 150.341530
0.701391 -13.997473 154.468380
0.701391 -13.684943 156.427381
0.701391 -13.521742 157.435959
0.701391 -13.015706 160.163275
0.701391 -12.509670 162.809806
0.701391 -12.003635 165.381805
0.701391 -11.497599 166.888606
0.701391 -10.549079 158.259924
0.701391 -10.077820 153.211718
0.701391 -9.437155 148.166679
0.701391 -8.796489 143.951578
0.701391 -8.155824 140.161413
0.701391 -7.515158 136.630374
0.701391 -6.577658 131.779947
0.701391 -5.640158 127.183062
1.576449 -20.158423 124.003868
1.576449 -19.458423 127.293876
1.576449 -18.758423 130.705646
1.576449 -18.058423 134.362542
1.576449 -17.358423 138.441046
1.576449 -17.040358 140.325849
1.576449 -16.524968 143.358425
1.576449 -16.009579 146.437652
1.576449 -15.415183 150.089302
1.576449 -14.820786 153.816137
1.576449 -14.663406 154.826873
1.576449 -13.997473 159.127463
1.576449 -13.684943 160.778391
1.576449 -13.521742 161.472151
1.576449 -13.015706 162.952200
1.576449 -12.509670 163.771636
1.576449 -12.003635 163.956823
1.576449 -11.497599 163.191338
1.576449 -10.549079 157.917055
1.576449 -10.077820 154.764029
1.576449 -9.437155 150.637811
1.576449 -8.796489 146.805089
1.576449 -8.155824 143.195050
1.576449 -7.515158 139.740124
1.576449 -6.577658 134.883930
1.576449 -5.640158 130.191853
2.451506 -20.158423 126.625105
2.451506 -19.458423 129.964580
2.451506 -18.758423 133.348828
2.451506 -18.058423 136.957311
2.451506 -17.358423 141.509195
2.451506 -17.040358 143.611685
2.451506 -16.524968 146.666518
2.451506 -16.009579 149.868941
2.451506 -15.415183 153.852493
2.451506 -14.820786 157.923259
2.451506 -14.663406 159.245765
2.451506 -13.997473 165.626433
2.451506 -13.684943 168.449998
2.451506 -13.521742 168.543067
2.451506 -13.015706 167.716536
2.451506 -12.509670 166.630047
2.451506 -12.003635 165.374604
2.451506 -11.497599 163.755892
2.451506 -10.549079 158.793179
2.451506 -10.077820 155.971843
2.451506 -9.437155 152.561408
2.451506 -8.796489 149.243172
2.451506 -8.155824 145.939311
2.451506 -7.515158 142.643400
2.451506 -6.577658 137.844928
2.451506 -5.640158 133.079739
3.326564 -20.158423 129.231022
3.326564 -19.458423 132.565316
3.326564 -18.758423 135.641598
3.326564 -18.058423 138.077821
3.326564 -17.358423 144.415537
3.326564 -17.040358 148.152563
3.326564 -16.524968 149.549148
3.326564 -16.009579 152.626473
3.326564 -15.415183 157.426666
3.326564 -14.820786 158.863285
3.326564 -14.663406 161.472939
3.326564 -13.997473 172.981552
3.326564 -13.684943 203.369385
3.326564 -13.521742 293.247831
3.326564 -13.015706 173.258218
3.326564 -12.509670 169.993675
3.326564 -12.003635 167.878664
3.326564 -11.497599 166.461181
3.326564 -10.549079 160.483412
3.326564 -10.077820 156.265774
3.326564 -9.437155 154.313000
3.326564 -8.796489 151.654435
3.326564 -8.155824 148.668744
3.326564 -7.515158 145.521307
3.326564 -6.577658 140.776931
3.326564 -5.640158 135.940456
4.319917 -20.158423 132.514160
4.319917 -19.458423 136.006275
4.319917 -18.758423 139.456507
4.319917 -18.058423 143.025976
4.319917 -17.358423 147.330883
4.319917 -17.040358 149.317084
4.319917 -16.524968 152.253701
4.319917 -16.009579 155.281684
4.319917 -15.415183 158.976942
4.319917 -14.820786 162.699100
4.319917 -14.663406 163.877901
4.319917 -13.997473 169.483149
4.319917 -13.684943 171.931217
4.319917 -13.521742 172.115221
4.319917 -13.015706 170.996619
4.319917 -12.509670 169.646160
4.319917 -12.003635 168.193419
4.319917 -11.497599 166.586205
4.319917 -10.549079 162.672526
4.319917 -10.077820 160.520059
4.319917 -9.437155 157.897110
4.319917 -8.796489 155.131269
4.319917 -8.155824 152.132851
4.319917 -7.515158 148.962211
4.319917 -6.577658 144.202542
4.319917 -5.640158 139.269917
5.313270 -20.158423 135.941056
5.313270 -19.458423 139.531577
5.313270 -18.758423 143.031301
5.313270 -18.058423 146.493124
5.313270 -17.358423 150.062511
5.313270 -17.040358 151.776304
5.313270 -16.524968 154.618845
5.313270 -16.009579 157.329283
5.313270 -15.415183 160.452093
5.313270 -14.820786 163.311056
5.313270 -14.663406 164.060882
5.313270 -13.997473 167.162773
5.313270 -13.684943 168.310254
5.313270 -13.521742 168.774417
5.313270 -13.015706 169.628459
5.313270 -12.509670 169.692783
5.313270 -12.003635 169.103418
5.313270 -11.497599 168.000164
5.313270 -10.549079 165.475179
5.313270 -10.077820 163.934163
5.313270 -9.437155 161.824743
5.313270 -8.796489 159.167231
5.313270 -8.155824 156.010990
5.313270 -7.515158 152.563182
5.313270 -6.577658 147.822330
5.313270 -5.640158 142.799226
6.306623 -20.158423 139.568255
6.306623 -19.458423 143.239721
6.306623 -18.758423 146.682416
6.306623 -18.058423 149.743666
6.306623 -17.358423 152.233799
6.306623 -17.040358 153.934470
6.306623 -16.524968 157.474729
6.306623 -16.009579 159.386235
6.306623 -15.415183 162.664136
6.306623 -14.820786 164.042274
6.306623 -14.663406 164.499068
6.306623 -13.997473 166.831859
6.306623 -13.684943 168.121918
6.306623 -13.521742 168.843720
6.306623 -13.015706 171.303406
6.306623 -12.509670 172.258332
6.306623 -12.003635 171.993643
6.306623 -11.497599 170.067867
6.306623 -10.549079 169.122914
6.306623 -10.077820 167.388283
6.306623 -9.437155 167.070018
6.306623 -8.796489 164.402164
6.306623 -8.155824 160.590076
6.306623 -7.515158 155.758118
6.306623 -6.577658 151.759004
6.306623 -5.640158 146.673472
7.299976 -20.158423 143.549092
7.299976 -19.458423 147.408560
7.299976 -18.758423 151.101677
7.299976 -18.058423 154.144310
7.299976 -17.358423 163.222301
7.299976 -17.040358 166.178583
7.299976 -16.524968 166.381117
7.299976 -16.009579 169.159412
7.299976 -15.415183 170.182022
7.299976 -14.820786 170.830173
7.299976 -14.663406 172.977499
7.299976 -13.997473 180.302691
7.299976 -13.684943 180.077691
7.299976 -13.521742 179.190891
7.299976 -13.015706 178.776803
7.299976 -12.509670 179.523558
7.299976 -12.003635 181.284704
7.299976 -11.497599 184.833993
7.299976 -10.549079 253.203863
7.299976 -10.077820 185.991251
7.299976 -9.437155 177.963832
7.299976 -8.796489 172.387904
7.299976 -8.155824 167.620983
7.299976 -7.515158 163.396763
7.299976 -6.577658 156.915400
7.299976 -5.640158 151.134774
8.135952 -20.158423 146.994197
8.135952 -19.458423 151.176512
8.135952 -18.758423 155.835864
8.135952 -18.058423 161.489011
8.135952 -17.358423 169.997413
8.135952 -17.040358 172.386349
8.135952 -16.524968 173.216086
8.135952 -16.009579 174.835852
8.135952 -15.415183 175.328383
8.135952 -14.820786 177.234654
8.135952 -14.663406 177.681684
8.135952 -13.997473 179.358618
8.135952 -13.684943 180.123895
8.135952 -13.521742 180.509126
8.135952 -13.015706 181.599884
8.135952 -12.509670 182.608756
8.135952 -12.003635 183.764346
8.135952 -11.497599 184.977859
8.135952 -10.549079 187.120796
8.135952 -10.077820 185.386097
8.135952 -9.437155 182.564817
8.135952 -8.796489 177.601347
8.135952 -8.155824 172.526978
8.135952 -7.515158 168.000565
8.135952 -6.577658 160.645234
8.135952 -5.640158 154.475862
8.971927 -20.158423 149.927625
8.971927 -19.458423 154.264098
8.971927 -18.758423 159.152666
8.971927 -18.058423 164.761449
8.971927 -17.358423 243.146464
8.971927 -17.040358 181.676558
8.971927 -16.524968 177.972510
8.971927 -16.009579 177.196576
8.971927 -15.415183 177.678313
8.971927 -14.820786 177.961111
8.971927 -14.663406 178.809714
8.971927 -13.997473 181.808853
8.971927 -13.684943 183.382255
8.971927 -13.521742 184.342405
8.971927 -13.015706 184.646447
8.971927 -12.509670 185.293539
8.971927 -12.003635 186.085907
8.971927 -11.497599 186.505845
8.971927 -10.549079 195.890801
8.971927 -10.077820 197.769679
8.971927 -9.437155 190.813197
8.971927 -8.796489 183.003611
8.971927 -8.155824 176.499998
8.971927 -7.515158 171.099138
8.971927 -6.577658 163.432062
8.971927 -5.640158 157.054386
9.407089 -20.158423 151.186736
9.407089 -19.458423 155.559698
9.407089 -18.758423 160.472689
9.407089 -18.058423 166.174184
9.407089 -17.358423 173.510037
9.407089 -17.040358 176.365635
9.407089 -16.524968 177.399627
9.407089 -16.009579 178.150175
9.407089 -15.415183 179.057289
9.407089 -14.820786 180.575133
9.407089 -14.663406 182.281178
9.407089 -13.997473 184.668590
9.407089 -13.684943 185.461327
9.407089 -13.521742 185.812773
9.407089 -13.015706 185.861798
9.407089 -12.509670 186.534180
9.407089 -12.003635 187.696630
9.407089 -11.497599 189.649295
9.407089 -10.549079 216.022705
9.407089 -10.077820 421.062044
9.407089 -9.437155 195.681690
9.407089 -8.796489 184.935723
9.407089 -8.155824 177.825061
9.407089 -7.515158 172.515131
9.407089 -6.577658 164.476979
9.407089 -5.640158 158.035049
10.124105 -20.158423 152.869450
10.124105 -19.458423 157.239220
10.124105 -18.758423 161.982988
10.124105 -18.058423 167.124200
10.124105 -17.358423 172.480856
10.124105 -17.040358 174.500594
10.124105 -16.524968 176.896459
10.124105 -16.009579 178.727740
10.124105 -15.415183 180.615399
10.124105 -14.820786 182.787118
10.124105 -14.663406 183.296801
10.124105 -13.997473 185.105878
10.124105 -13.684943 185.780928
10.124105 -13.521742 186.090138
10.124105 -13.015706 186.858803
10.124105 -12.509670 187.787865
10.124105 -12.003635 189.075937
10.124105 -11.497599 191.011805
10.124105 -10.549079 196.143872
10.124105 -10.077820 200.126026
10.124105 -9.437155 191.956136
10.124105 -8.796489 184.460814
10.124105 -8.155824 178.196169
10.124105 -7.515158 172.847060
10.124105 -6.577658 165.448501
10.124105 -5.640158 159.090993
10.841121 -20.158423 154.186924
10.841121 -19.458423 158.526341
10.841121 -18.758423 163.076287
10.841121 -18.058423 167.848168
10.841121 -17.358423 172.766960
10.841121 -17.040358 174.734588
10.841121 -16.524968 177.486028
10.841121 -16.009579 179.655005
10.841121 -15.415183 181.760162
10.841121 -14.820786 183.623359
10.841121 -14.663406 184.071932
10.841121 -13.997473 185.743919
10.841121 -13.684943 186.393125
10.841121 -13.521742 186.700975
10.841121 -13.015706 187.533784
10.841121 -12.509670 188.320771
10.841121 -12.003635 189.154672
10.841121 -11.497599 190.056720
10.841121 -10.549079 191.529740
10.841121 -10.077820 191.190864
10.841121 -9.437155 187.385653
10.841121 -8.796489 182.444419
10.841121 -8.155824 177.420523
10.841121 -7.515158 172.589271
10.841121 -6.577658 165.811065
10.841121 -5.640158 159.603126
11.558138 -20.158423 155.293569
11.558138 -19.458423 159.592573
11.558138 -18.758423 163.936730
11.558138 -18.058423 168.417996
11.558138 -17.358423 173.902050
11.558138 -17.040358 176.014359
11.558138 -16.524968 179.202939
11.558138 -16.009579 181.200022
11.558138 -15.415183 183.257011
11.558138 -14.820786 184.848509
11.558138 -14.663406 185.271071
11.558138 -13.997473 186.837493
11.558138 -13.684943 187.417994
11.558138 -13.521742 187.681433
11.558138 -13.015706 188.300760
11.558138 -12.509670 188.759488
11.558138 -12.003635 189.096587
11.558138 -11.497599 189.263949
11.558138 -10.549079 188.561063
11.558138 -10.077820 187.083117
11.558138 -9.437155 184.238098
11.558138 -8.796489 180.531561
11.558138 -8.155824 176.403579
11.558138 -7.515158 172.128920
11.558138 -6.577658 165.840054
11.558138 -5.640158 159.772759
12.275154 -20.158423 156.350385
12.275154 -19.458423 160.611429
12.275154 -18.758423 164.653317
12.275154 -18.058423 167.935690
12.275154 -17.358423 176.242291
12.275154 -17.040358 215.274901
12.275154 -16.524968 183.225958
12.275154 -16.009579 183.128859
12.275154 -15.415183 185.431217
12.275154 -14.820786 186.063435
12.275154 -14.663406 186.885786
12.275154 -13.997473 188.451028
12.275154 -13.684943 188.968565
12.275154 -13.521742 189.261577
12.275154 -13.015706 189.390171
12.275154 -12.509670 189.442398
12.275154 -12.003635 189.379282
12.275154 -11.497599 189.228806
12.275154 -10.549079 187.326974
12.275154 -10.077820 184.181729
12.275154 -9.437155 182.169639
12.275154 -8.796489 179.146583
12.275154 -8.155824 175.570357
12.275154 -7.515158 171.691964
12.275154 -6.577658 165.739436
12.275154 -5.640158 159.773151
13.243422 -20.158423 157.940341
13.243422 -19.458423 162.352223
13.243422 -18.758423 166.885680
13.243422 -18.058423 171.669310
13.243422 -17.358423 177.312129
13.243422 -17.040358 179.725481
13.243422 -16.524968 182.818712
13.243422 -16.009579 185.137096
13.243422 -15.415183 187.441311
13.243422 -14.820786 189.126714
13.243422 -14.663406 189.511465
13.243422 -13.997473 190.720451
13.243422 -13.684943 191.025110
13.243422 -13.521742 191.117815
13.243422 -13.015706 191.104642
13.243422 -12.509670 190.732120
13.243422 -12.003635 190.039387
13.243422 -11.497599 189.023484
13.243422 -10.549079 186.079692
13.243422 -10.077820 184.107480
13.243422 -9.437155 181.385978
13.243422 -8.796489 178.375895
13.243422 -8.155824 175.045811
13.243422 -7.515158 171.407614
13.243422 -6.577658 165.616329
13.243422 -5.640158 159.692664
14.211690 -20.158423 159.339814
14.211690 -19.458423 163.860403
14.211690 -18.758423 168.639374
14.211690 -18.058423 173.758996
14.211690 -17.358423 179.254190
14.211690 -17.040358 181.626949
14.211690 -16.524968 185.146337
14.211690 -16.009579 188.195836
14.211690 -15.415183 191.093501
14.211690 -14.820786 193.164621
14.211690 -14.663406 193.570256
14.211690 -13.997473 194.600890
14.211690 -13.684943 194.684924
14.211690 -13.521742 194.638552
14.211690 -13.015706 194.134777
14.211690 -12.509670 193.194216
14.211690 -12.003635 191.882691
14.211690 -11.497599 190.231021
14.211690 -10.549079 186.260630
14.211690 -10.077820 184.139379
14.211690 -9.437155 181.261484
14.211690 -8.796489 178.336140
14.211690 -8.155824 175.225052
14.211690 -7.515158 171.715661
14.211690 -6.577658 165.634434
14.211690 -5.640158 159.602461
15.179958 -20.158423 160.308542
15.179958 -19.458423 164.874204
15.179958 -18.758423 169.741283
15.179958 -18.058423 175.130078
15.179958 -17.358423 181.915103
15.179958 -17.040358 184.948890
15.179958 -16.524968 189.132460
15.179958 -16.009579 193.014984
15.179958 -15.415183 196.939026
15.179958 -14.820786 199.464734
15.179958 -14.663406 199.974334
15.179958 -13.997473 200.931910
15.179958 -13.684943 200.524468
15.179958 -13.521742 200.152490
15.179958 -13.015706 198.764090
15.179958 -12.509670 197.014506
15.179958 -12.003635 194.971345
15.179958 -11.497599 192.627045
15.179958 -10.549079 186.858061
15.179958 -10.077820 184.155764
15.179958 -9.437155 181.245369
15.179958 -8.796489 178.720657
15.179958 -8.155824 176.314084
15.179958 -7.515158 173.222444
15.179958 -6.577658 165.600000
15.179958 -5.640158 159.263017
16.148226 -20.158423 160.795676
16.148226 -19.458423 165.311290
16.148226 -18.758423 169.844964
16.148226 -18.058423 173.829681
16.148226 -17.358423 184.860820
16.148226 -17.040358 191.467678
16.148226 -16.524968 194.181139
16.148226 -16.009579 199.407921
16.148226 -15.415183 206.495197
16.148226 -14.820786 208.286930
16.148226 -14.663406 210.478063
16.148226 -13.997473 212.516890
16.148226 -13.684943 210.209202
16.148226 -13.521742 206.967655
16.148226 -13.015706 204.715788
16.148226 -12.509670 201.909648
16.148226 -12.003635 199.162546
16.148226 -11.497599 196.891525
16.148226 -10.549079 186.996051
16.148226 -10.077820 182.162971
16.148226 -9.437155 180.348288
16.148226 -8.796489 178.835326
16.148226 -8.155824 178.967927
16.148226 -7.515158 242.771498
16.148226 -6.577658 164.194346
16.148226 -5.640158 157.991790
16.787783 -20.158423 160.991903
16.787783 -19.458423 165.581042
16.787783 -18.758423 170.489457
16.787783 -18.058423 176.247557
16.787783 -17.358423 186.410917
16.787783 -17.040358 191.279963
16.787783 -16.524968 197.033214
16.787783 -16.009579 203.350342
16.787783 -15.415183 211.235688
16.787783 -14.820786 216.749482
16.787783 -14.663406 218.475717
16.787783 -13.997473 221.026577
16.787783 -13.684943 218.713328
16.787783 -13.521742 215.922440
16.787783 -13.015706 209.759864
16.787783 -12.509670 205.024435
16.787783 -12.003635 200.975016
16.787783 -11.497599 197.111787
16.787783 -10.549079 187.077188
16.787783 -10.077820 182.725196
16.787783 -9.437155 179.377804
16.787783 -8.796489 176.849774
16.787783 -8.155824 174.642970
16.787783 -7.515158 171.361541
16.787783 -6.577658 163.068003
16.787783 -5.640158 156.733051
17.427340 -20.158423 160.976260
17.427340 -19.458423 165.584276
17.427340 -18.758423 170.424665
17.427340 -18.058423 174.988091
17.427340 -17.358423 187.326812
17.427340 -17.040358 195.161131
17.427340 -16.524968 199.016982
17.427340 -16.009579 206.548887
17.427340 -15.415183 218.721787
17.427340 -14.820786 223.370523
17.427340 -14.663406 233.565954
17.427340 -13.997473 477.767444
17.427340 -13.684943 243.896241
17.427340 -13.521742 218.859685
17.427340 -13.015706 212.524306
17.427340 -12.509670 207.043435
17.427340 -12.003635 202.490077
17.427340 -11.497599 198.988320
17.427340 -10.549079 186.383692
17.427340 -10.077820 180.337214
17.427340 -9.437155 177.590790
17.427340 -8.796489 174.544107
17.427340 -8.155824 171.388922
17.427340 -7.515158 167.713307
17.427340 -6.577658 161.030155
17.427340 -5.640158 154.966200
18.111820 -20.158423 160.688939
18.111820 -19.458423 165.372846
18.111820 -18.758423 170.611449
18.111820 -18.058423 176.968841
18.111820 -17.358423 187.819906
18.111820 -17.040358 193.272249
18.111820 -16.524968 200.519861
18.111820 -16.009579 209.345755
18.111820 -15.415183 222.339512
18.111820 -14.820786 233.783624
18.111820 -14.663406 236.365784
18.111820 -13.997473 232.985411
18.111820 -13.684943 226.856942
18.111820 -13.521742 222.727093
18.111820 -13.015706 213.970809
18.111820 -12.509670 207.562947
18.111820 -12.003635 202.250675
18.111820 -11.497599 197.331947
18.111820 -10.549079 185.618632
18.111820 -10.077820 180.458496
18.111820 -9.437155 176.009742
18.111820 -8.796489 172.196275
18.111820 -8.155824 168.480864
18.111820 -7.515158 164.607909
18.111820 -6.577658 158.529930
18.111820 -5.640158 152.711718
18.796299 -20.158423 159.958704
18.796299 -19.458423 164.631044
18.796299 -18.758423 169.728508
18.796299 -18.058423 174.652977
18.796299 -17.358423 186.802895
18.796299 -17.040358 194.845918
18.796299 -16.524968 199.238962
18.796299 -16.009579 208.144125
18.796299 -15.415183 228.012185
18.796299 -14.820786 378.278133
18.796299 -14.663406 263.616087
18.796299 -13.997473 227.901880
18.796299 -13.684943 221.036914
18.796299 -13.521742 215.391150
18.796299 -13.015706 211.120617
18.796299 -12.509670 206.077955
18.796299 -12.003635 201.291243
18.796299 -11.497599 197.369124
18.796299 -10.549079 183.930025
18.796299 -10.077820 177.204132
18.796299 -9.437155 173.703544
18.796299 -8.796489 169.736518
18.796299 -8.155824 165.752633
18.796299 -7.515158 161.762556
18.796299 -6.577658 155.891231
18.796299 -5.640158 150.237741
19.373618 -20.158423 158.980039
19.373618 -19.458423 163.689368
19.373618 -18.758423 169.112390
19.373618 -18.058423 175.654596
19.373618 -17.358423 185.501789
19.373618 -17.040358 190.449953
19.373618 -16.524968 197.551396
19.373618 -16.009579 205.928036
19.373618 -15.415183 217.889412
19.373618 -14.820786 227.717992
19.373618 -14.663406 229.873120
19.373618 -13.997473 221.772485
19.373618 -13.684943 217.638738
19.373618 -13.521742 215.447900
19.373618 -13.015706 209.814898
19.373618 -12.509670 204.461391
19.373618 -12.003635 199.252240
19.373618 -11.497599 194.073197
19.373618 -10.549079 182.509937
19.373618 -10.077820 177.308427
19.373618 -9.437155 172.172308
19.373618 -8.796489 167.676813
19.373618 -8.155824 163.457020
19.373618 -7.515158 159.378691
19.373618 -6.577658 153.575366
19.373618 -5.640158 148.026859
19.950938 -20.158423 157.575420
19.950938 -19.458423 162.262240
19.950938 -18.758423 167.735002
19.950938 -18.058423 174.408163
19.950938 -17.358423 183.225300
19.950938 -17.040358 187.476268
19.950938 -16.524968 194.263763
19.950938 -16.009579 201.387100
19.950938 -15.415183 209.778644
19.950938 -14.820786 216.122612
19.950938 -14.663406 217.066193
19.950938 -13.997473 216.366856
19.950938 -13.684943 214.517230
19.950938 -13.521742 213.221154
19.950938 -13.015706 208.145396
19.950938 -12.509670 202.656936
19.950938 -12.003635 197.174052
19.950938 -11.497599 191.673806
19.950938 -10.549079 180.548334
19.950938 -10.077820 175.601867
19.950938 -9.437155 170.120871
19.950938 -8.796489 165.393229
19.950938 -8.155824 161.046536
19.950938 -7.515158 156.920675
19.950938 -6.577658 151.162868
19.950938 -5.640158 145.708239
20.528258 -20.158423 155.712769
20.528258 -19.458423 160.300515
20.528258 -18.758423 165.541104
20.528258 -18.058423 171.703398
20.528258 -17.358423 180.445176
20.528258 -17.040358 184.658903
20.528258 -16.524968 190.554727
20.528258 -16.009579 196.668077
20.528258 -15.415183 203.599491
20.528258 -14.820786 208.674651
20.528258 -14.663406 209.963838
20.528258 -13.997473 214.277690
20.528258 -13.684943 214.230861
20.528258 -13.521742 213.075002
20.528258 -13.015706 207.013057
20.528258 -12.509670 200.845224
20.528258 -12.003635 195.118461
20.528258 -11.497599 189.668542
20.528258 -10.549079 178.007822
20.528258 -10.077820 172.731609
20.528258 -9.437155 167.457690
20.528258 -8.796489 162.800307
20.528258 -8.155824 158.456731
20.528258 -7.515158 154.336659
20.528258 -6.577658 148.635400
20.528258 -5.640158 143.275801
21.105577 -20.158423 153.443720
21.105577 -19.458423 157.894728
21.105577 -18.758423 162.720262
21.105577 -18.058423 167.244070
21.105577 -17.358423 177.167591
21.105577 -17.040358 183.287935
21.105577 -16.524968 186.572750
21.105577 -16.009579 192.069395
21.105577 -15.415183 199.171461
21.105577 -14.820786 201.534188
21.105577 -14.663406 204.248934
21.105577 -13.997473 216.703796
21.105577 -13.684943 356.475334
21.105577 -13.521742 217.806379
21.105577 -13.015706 206.018538
21.105577 -12.509670 198.459427
21.105577 -12.003635 192.702535
21.105577 -11.497599 188.361592
21.105577 -10.549079 174.951979
21.105577 -10.077820 168.084410
21.105577 -9.437155 164.293865
21.105577 -8.796489 159.952564
21.105577 -8.155824 155.685434
21.105577 -7.515158 151.604986
21.105577 -6.577658 145.978369
21.105577 -5.640158 140.720548
21.805577 -20.158423 150.261039
21.805577 -19.458423 154.636003
21.805577 -18.758423 159.575277
21.805577 -18.058423 165.257187
21.805577 -17.358423 172.845923
21.805577 -17.040358 176.400981
21.805577 -16.524968 181.359955
21.805577 -16.009579 186.285058
21.805577 -15.415183 191.715374
21.805577 -14.820786 196.001238
21.805577 -14.663406 197.196312
21.805577 -13.997473 201.823931
21.805577 -13.684943 201.808060
21.805577 -13.521742 201.452687
21.805577 -13.015706 197.429987
21.805577 -12.509670 192.420257
21.805577 -12.003635 187.301199
21.805577 -11.497599 182.182699
21.805577 -10.549079 171.268192
21.805577 -10.077820 166.291836
21.805577 -9.437155 161.057606
21.805577 -8.796489 156.418891
21.805577 -8.155824 152.121902
21.805577 -7.515158 148.084705
21.805577 -6.577658 142.569126
21.805577 -5.640158 137.446873
22.505577 -20.158423 146.548687
22.505577 -19.458423 150.812968
22.505577 -18.758423 155.687655
22.505577 -18.058423 161.363477
22.505577 -17.358423 168.200732
22.505577 -17.040358 171.342844
22.505577 -16.524968 176.209643
22.505577 -16.009579 180.871805
22.505577 -15.415183 185.846524
22.505577 -14.820786 189.968874
22.505577 -14.663406 190.910820
22.505577 -13.997473 193.954919
22.505577 -13.684943 193.932454
22.505577 -13.521742 193.551140
22.505577 -13.015706 190.730139
22.505577 -12.509670 186.590287
22.505577 -12.003635 181.898793
22.505577 -11.497599 176.941650
22.505577 -10.549079 166.930616
22.505577 -10.077820 162.393074
22.505577 -9.437155 157.110420
22.505577 -8.796489 152.477264
22.505577 -8.155824 148.248228
22.505577 -7.515158 144.304680
22.505577 -6.577658 138.940600
22.505577 -5.640158 133.971669
