110.348567612573
243.959873514333
2548.06432720426
2548.06432720426
1164.4520269251
406.937049509322
101.070732777126
68.4751073839048
74.8238121912384
123.427887281283
216.679569919679
387.64162145887
630.48414322043
957.15834100051
1379.61628052286
1909.81042385943
2587.01050997337
3432.27232019792
4444.35099014183
5635.19943952636
1995.59673729141
449.580439098088
68.345910592717
406.261314389841
1878.04801496732
5384.54386939889
11706.7086674998
21515.2388288333
16362.0333547338
16362.0333547338
16362.0333547338
16362.0333547338
17644.0399590664
16419.1910395401
16362.0333547338
16362.0333547338
16362.0333547338
16362.0333547338
16362.0333547338
16362.0333547338
16362.0333547338
16362.0333547338
16362.0333547338
16362.0333547338
16362.0333547338
16362.0333547338
16362.0333547338
16362.0333547338
16362.0333547338
16362.0333547338
16362.0333547338
16362.0333547338
16362.0333547338
16362.0333547338
16362.0333547338
16362.0333547338
16362.0333547338
16362.0333547338
16362.0333547338
16362.0333547338
17934.9974846119
21908.8210423103
16362.0333547338
16362.0333547338
16362.0333547338
16362.0333547338
21636.4439687159
16362.0333547338
16362.0333547338
16362.0333547338
16362.0333547338
16362.0333547338
17123.7916367124
20855.5296699758
16362.0333547338
16362.0333547338
16362.0333547338
16362.0333547338
16362.0333547338
16362.0333547338
16362.0333547338
16362.0333547338
16362.0333547338
16362.0333547338
16362.0333547338
16362.0333547338
16362.0333547338
16362.0333547338
16362.0333547338
16362.0333547338
16362.0333547338
16563.3483067936
21101.459046616
17857.941641535
19222.6262776596
21657.9855726403
21792.1309671043
21926.8089046516
22062.020354549
22197.7662860631
22334.0476684607
22470.8654710086
22608.2206629734
22746.114213622
22884.547092221
23023.5202680371
23163.034710337
16362.0333547338
16362.0333547338
16362.0333547338
17857.9831892057
18092.7884708945
17857.5323921652
18092.7884708945
17857.5323921652
18092.7884708945
17857.5323921652
18092.7884708945
17857.5323921652
18092.7884708945
17857.5323921652
16950.6795340785
16362.0333547338
16362.0333547338
16362.0333547338
16362.0333547338
16362.0333547338
16362.0333547338
16362.0333547338
16362.0333547338
16362.0333547338
16362.0333547338
16362.0333547338
16362.0333547338
16362.0333547338
16362.0333547338
16362.0333547338
16362.0333547338
16362.0333547338
16362.0333547338
16362.0333547338
16362.0333547338
16362.0333547338
16362.0333547338
16362.0333547338
16362.0333547338
17892.3879492887
22225.2523075598
16362.0333547338
16362.0333547338
16362.0333547338
16362.0333547338
16362.0333547338
16362.0333547338
16362.0333547338
16362.0333547338
16362.0333547338
16362.0333547338
16362.0333547338
16362.0333547338
16362.0333547338
16362.0333547338
16362.0333547338
16362.0333547338
16362.0333547338
16362.0333547338
16362.0333547338
16362.0333547338
16362.0333547338
16362.0333547338
16362.0333547338
16362.0333547338
16362.0333547338
16362.0333547338
16362.0333547338
16362.0333547338
16362.0333547338
16362.0333547338
16362.0333547338
16362.0333547338
16362.0333547338
16362.0333547338
16362.0333547338
16362.0333547338
16362.0333547338
16362.0333547338
16362.0333547338
16362.0333547338
16362.0333547338
16362.0333547338
16362.0333547338
16362.0333547338
16362.0333547338
16362.0333547338
16362.0333547338
16362.0333547338
16362.0333547338
16362.0333547338
16371.8578213329
21096.205201552
18465.578636367
21729.734071892
23228.6037503184
16362.0333547338
16362.0333547338
16362.0333547338
22898.5307914518
22898.5307914518
22898.5307914518
22898.5307914518
22898.5307914518
22898.5307914518
16889.5065418095
16362.0333547338
16362.0333547338
16362.0333547338
16362.0333547338
16362.0333547338
16362.0333547338
16362.0333547338
18535.9050378964
21338.4724154034
24222.22887908
21391.5454316764
16362.0333547338
16362.0333547338
16362.0333547338
16362.0333547338
17646.1293349718
16362.0333547338
16362.0333547338
16362.0333547338
16362.0333547338
16362.0333547338
16706.5187074468
19271.9128269452
16362.0333547338
16362.0333547338
16362.0333547338
21805.8357812927
20367.5099135785
18991.579376782
17755.7577541075
16758.6668109114
16362.0333547338
16362.0333547338
16362.0333547338
16362.0333547338
16362.0333547338
16362.0333547338
16362.0333547338
16362.0333547338
16362.0333547338
16362.0333547338
16362.0333547338
16362.0333547338
16362.0333547338
16362.0333547338
16362.0333547338
16362.0333547338
16362.0333547338
16362.0333547338
16362.0333547338
16362.0333547338
16362.0333547338
16362.0333547338
16362.0333547338
16362.0333547338
16362.0333547338
16362.0333547338
16362.0333547338
16362.0333547338
16362.0333547338
16362.0333547338
16362.0333547338
16362.0333547338
16362.0333547338
16362.0333547338
16362.0333547338
16362.0333547338
16362.0333547338
16362.0333547338
16362.0333547338
16362.0333547338
16362.0333547338
16362.0333547338
16362.0333547338
16362.0333547338
16362.0333547338
16362.0333547338
16362.0333547338
16362.0333547338
16362.0333547338
16362.0333547338
16362.0333547338
16386.223957257
18021.9147927906
20578.2220324879
16362.0333547338
16362.0333547338
16362.0333547338
16362.0333547338
23009.6940414121
16362.0333547338
16362.0333547338
16362.0333547338
16362.0333547338
16362.0333547338
18719.9525250889
16362.0333547338
16362.0333547338
16362.0333547338
16362.0333547338
16362.0333547338
16362.0333547338
16362.0333547338
16362.0333547338
16362.0333547338
16362.0333547338
16362.0333547338
16362.0333547338
16362.0333547338
16362.0333547338
16362.0333547338
16362.0333547338
18007.7422682202
18168.7265886984
18007.7422682202
18168.7265886984
18007.7422682202
18168.7265886984
16625.6494522918
16362.0333547338
16362.0333547338
16362.0333547338
16362.0333547338
16362.0333547338
16362.0333547338
16362.0333547338
16362.0333547338
16362.0333547338
16362.0333547338
16362.0333547338
16362.0333547338
16362.0333547338
16362.0333547338
16362.0333547338
16362.0333547338
16362.0333547338
17435.4681047095
22865.4588735398
16362.0333547338
16362.0333547338
16362.0333547338
16362.0333547338
16362.0333547338
16362.0333547338
16362.0333547338
16362.0333547338
16362.0333547338
16362.0333547338
16362.0333547338
16362.0333547338
16362.0333547338
16362.0333547338
16362.0333547338
16362.0333547338
16362.0333547338
16362.0333547338
16362.0333547338
16362.0333547338
16362.0333547338
19616.8228853092
18892.253015882
19835.5864224543
21250.1852875493
22727.971989134
24270.2133068656
16661.5215804419
16362.0333547338
16362.0333547338
16362.0333547338
19446.1440111181
19446.1440111181
19446.1440111181
19446.1440111181
19446.1440111181
19446.1440111181
19446.1440111181
19446.1440111181
16390.4540965608
16362.0333547338
16362.0333547338
16362.0333547338
16362.0333547338
16362.0333547338
16362.0333547338
16362.0333547338
16362.0333547338
16362.0333547338
16362.0333547338
16362.0333547338
16605.5397266018
18308.3413166467
19222.8877818236
23014.51447262
16735.6263240392
16362.0333547338
16362.0333547338
16362.0333547338
16362.0333547338
16362.0333547338
16362.0333547338
16362.0333547338
16362.0333547338
16362.0333547338
16906.7109971246
19468.6375213911
16362.0333547338
16362.0333547338
16362.0333547338
21484.6963189719
21461.2847473864
21484.6963189719
21461.2847473864
21484.6963189719
21461.2847473864
21484.6963189719
21461.2847473864
21484.6963189719
21484.6963189719
21484.6963189719
21484.6963189719
21484.6963189719
21484.6963189719
21484.6963189719
21484.6963189719
21484.6963189719
21484.6963189719
21484.6963189719
23384.2275897906
22147.0339398455
24674.224376434
21484.6963189719
21484.6963189719
21484.6963189719
21642.7680243252
21602.9560050061
21570.2629384001
21544.0209874823
21523.5623152276
21508.2190846112
21497.323458608
21490.2076001932
21486.2036723417
21484.6963189719
21484.6963189719
21484.6963189719
21484.6963189719
21484.6963189719
21484.6963189719
21484.6963189719
21484.6963189719
21484.6963189719
21484.6963189719
21484.6963189719
21484.6963189719
21484.6963189719
21484.6963189719
21484.6963189719
21484.6963189719
21484.6963189719
21484.6963189719
21484.6963189719
21484.6963189719
21484.6963189719
21484.6963189719
21484.6963189719
21484.6963189719
21484.6963189719
21484.6963189719
21484.6963189719
21484.6963189719
21484.6963189719
21484.6963189719
21654.4283411583
25587.2862347029
21654.4283411583
21484.6963189719
21484.6963189719
21484.6963189719
21484.6963189719
21484.6963189719
21484.6963189719
21484.6963189719
21484.6963189719
21484.6963189719
22898.1194703753
21484.6963189719
21484.6963189719
